This is a cache of all of the repositories I own, have contributed to, or am a member of.

repository (hashed)  total commits  my commits  LOC added by me  LOC deleted by me
         \\                \\                \\           \\___________  \\
          \\                \\                \\_____________________ \\  \\
           \\                \\___________________________________  \\ \\  \\
____________\\___________________________________________________\\__\\_\\__\\____
2dd5ff69c85dfef6f0e3e9aafbe862e470746eb119f106e31b307a6f3b528f94 17 14 1327 64
ed0a5408263162fd9da831a35a52f5c278b6b73e63e7c38d6314dae7adc02a66 16 16 1126 278
7243510a27aef27a29a924bac294fcf4dc4873f81f6cde32058346e0132475b9 5 5 136 1
6db0c70d88fe01b9e5c950b9f2fa969a97ad8f30b3db55d5ce1dcd655cdab440 2 2 3055 0
89633f7b08466359d840fcdf6283ea66fef0815f653b1010129435a0f83e0d5f 30 30 35439 5379
1af8e8148b523daae4bb43b6fdf81f8bcaf069a9c6dafbd5864c52068713d250 6 6 173 2
0d50d9a74f54bbf698e57b68f32834eb4dbc0bf37655c0766e6add32c1b230ee 8 8 215 22
cf3be7a15a2d63f567142a8db4b0c7f24d9b36d64e4c2f3eb2648a2cc8740059 2 2 32 0
44caa1de290ef2156a73d4deea1f029d24ec2bbf2c890248ca9b5172423edef6 2 2 264 0
19e4825ff6b376ccf9eb591a1f74cee61d597934703c78b1086c2faec66a0358 65 65 6139 1780
304b6ee2aa52fdfd8695180977545274a5186487dac1ca8e201301cc22a8a92c 3 3 580 120
86130d1e9b033e9d024524255e7a9dcd0ebae23ed6d4756b42d29e15ae37740f 2 2 347 2
c8ea7b43d6fb345445cd1f6bb21686a34a95e721663c5281ee12a98d325a5214 1 1 1709 0
da31f728137c2a8e1504d1e5a35857fa5cc0d42817e43905904a7b11ab95c419 11 11 6565 1517
622a85b4112cf2c84b01c07bf86c8935bd724d9a49aef09e553a25850b0862a7 5 5 462 2
3ceb60f5dd3f0b69720156d4e1279748e7265402c5342bd69710c55a680de938 3 3 66 13
442815fbc70afffb06db6345f0186f14470e2a5cdf5feb5d04a8fd15002105c1 2 2 431 154
ce82b0666b879779a579e16a6124bceb9a66a016f529aa754aeb8820014b3e34 9 9 210 12
8a0630185ac99a6b6b4d3caf3861ab9c17370a7cef7c90815e39a8f8f024caed 13 13 32975 1718
2a0f7477a1db66a67194ddee212cf16868fde7542b39295c34eb4a7c9473f635 4 4 205 45
8bdb2436634ddab966d5ac173cf27a0183e08807f936a77b894f581e82d936b0 2 2 139 0
b52ac205a5ee05430cde66de709514e744e695357882da4de0170a006d5a460e 1 1 26648 0
e1b1aa3cc3186f04d035a60971e3041d5e60236dfd092a1e70b59f308f02b68a 48 48 43008 9005
612616a079a32cb2ffc3b158fd72f8eb369e6a2c5f1a2d3d5ac2e0b6e5f604db 382 1 27 0
8ad08d86ef742715efdc342cc129ad45eedc1a2b71ea155f44865d8306e9367a 11 11 519 9
44d0cd361524b059a3116d86eb464594b41c77846f45d2c0f79f67191cc78394 5 5 30022 545
68100f4f5b4f8da5f8f85dc72ca86716a33aa551c0fd69e9302ee04b2542bc5d 9 9 17746 48
291d922d1504f3ca366d5d6972c554efc804459526200187305551c4b303139f 80 80 19471 4218
9df60937476a5bb51cd22a68ea7f1dedf86e141d4ca5678fe39c9717b5f90ec6 14 14 1056 408
5e7e65181d8bd35a26df952fb9ce8b47097e2cf5de5bfe5d6fd0ce6cce485f23 10 10 8876 77
73b8b65c1e3b3189cb245654748627f3f7839e428f0dfcac5d906f07484ea3b8 6 6 9418 1464
a65f9c41d1458402d6433747d7645fc81471c6a7b10e5bbdc87ba316a7560a24 4 4 7710 8
6418c6a1d0488551b502662446d82deb292462254a749f055d11b55b0c37b3ae 3 3 289 33
c59fec9667e4683600c65302c609e7b2a7f08d143c683f0d3e2f16047a24a025 3 3 7258 5
892c5a77d7958475816fa15c4ed1f0a1c38bbb438ff5bf45342cb5f4f002d5bb 4 4 120 1
c35750926fb50d6f7e2b89836afe6838e1be4994cdd6c6ed9aec4e54b6fd2bb4 18 18 11420 969
08f277d8ea166b8cfa069feafc543ec2bb6d7d993cc0b954b6307f7f1a492469 4 4 7540 54
6eca98bede73c434a98af646b73695970cb545d3a8a7d830a674431d2e560b5e 2 2 296 73
edd66459f7f7848fdfcd5a1714fbd8c6a8d9186a5e6f5f76e9b36eb371beb9ea 20 15 2424 1754
d8f6cf3f5b13e9c297ff4527792d745492f996f781302ff09a4ab4f56164a83a 5 4 45 8
cf606fb6bc9a5d89948ad2096159031db80d04a356f4c50c45726b707ca4d68b 1 0 0 0
13e5a9b600a2efe920031b34ed162593c21a702fc21a8f792016398f9ef929a6 1 0 0 0
5a0bc7c80841e732194acf1358b1ce8c9538a4d943b3167561782f54546305d8 27 26 1293 759
11ff01c685768cb1f6c53b58295952559617e1c8366305d22eeac33a48314065 22 22 8233 560
958f0710ecd7afc62bc80693c88aee6f13965aa318c4e26e3346ffb5dffd6cef 8 8 462 138
c9dcfdd54e8db76692a450e0179eb467bd7abe7b01393f8279d83a7e3df814f3 579 579 252976 188070
2d34498ae44aaf96585659efdc706ac2c41e4e6de7ba776d7d708f7a19d4528a 1 1 170 0
6cb1575d0c3eaa0df47511031c26a182829dfe7b731b192604faa223cef76f8d 11 11 2359 1200
17626f12381a226b57584e86ad2a5f3732d6669c88a404dac22c842e6ef413a7 18 18 1360 496
11e87f664a1ab4555670ac3857b31edc689391a802ed739aee144318666e88ee 245 1 1 1
64f3b26163f3b870aa88051f0697ed5be1c63bc1fae422b5314f14c26aa163a0 96 96 16200 1660
aa6a6442fb9be55061161006bb8b0ca90b8b17757fbd036f44ace4f1cf3c712e 5 5 8352 69
1c44e2013d585f21aaea410f9e56fed3b4482fe9219f3e8e311a16277fbdcdc1 5 5 8887 95
afe40481d4f521a207b710aa55207df86b28bd3d593329eb0f56ad384dcff4e0 12 12 12383 9862
1cc8735b4e7b550394b3c57c8ed0ddfdccc2055df112941641ea9aaca160bf35 153 62 7789 3169
7cca9f0dc06f9c3cec1f03be84c9f025bd90185259e171ef47b445c6b93deb01 24 24 9544 570
870b314ed9a94e88427a06b54589d3da667856db391a47251b18da5799c78ea7 10 10 11591 69
78c893d64f8df159ae242ab044fdc8b9f9918c79c143abf798545b78465975bf 1 1 6593 0
e8fd3a2e377968bb54c3ca75ec7ac350c3b819073bbe9cb6978be632b33ea535 58 21 962 113
3346604c4da63cbab75060a4585cddac7630b7c2a5dbd594a241a7ae5642f68d 1 0 0 0
52c54660e58d33110b9917ecd1abd39f2cf03885a33d0fd49ebfc4a78a897993 6 4 248 0
b5aa75ccfa956575c1b1407b249a627c65d2cdd8cb5077a4ea0a9e3e74874ec8 3 3 875 2
d4c50f72090099ec472df372259edc54513310bc1d7526be35d131f0e33aa31e 1 1 221 0
4f0727a63e17c14bb0df5687e2bcb515be27a380bdf3962e307b1d96e5fc7a2a 67 35 8996 1964
67a9e5c707b385c5165467168018a9e2cd00d93d53d94b1313bef95e9b3f0b7d 113 80 8523 3447
c0c99bb827bd6a14dea3e8ee13a53715d100757b0a39452c81959eaf8a8831d4 1 1 84 0
497e9a11d0d829d30a9672374d85fa3ca8861e8cc7f66806b42ae57fd5ce6f5c 15 15 10851 1979
93f8f73b2e168d2ac1a2570febd48aef541e5476f0ef86290edb706ade86abe1 2022 0 0 0
fd663d7ea2545218b46cb9fbddf16d226e19fedca36485ff42ca555e5bd13d80 7 7 8821 59
ff47127cb76f12a13fb4526bddc80701c7d8ccd8ba91e47482b8a73bca342e96 125 6 186046 186040
fe7c5b1019b0a7f82431b7117c59960e7a18b8e861223428df3d456eb6477ede 5271 0 0 0
b67c7afa77bf20ece512d701ccca45c126c4dbbbc67453a3c42c05b3380dd4ef 6 6 856 47
d2877a89bfeec54249747c698456b535677ef2a52c2af763592fd5a9d5f87e69 21 18 3192 563
418c8e7f3c2fa55f8a8f48033d43476ae6521c2bfe0e20585e879a99f6523899 6115 3 53 3
4e374503c0b2292dff0a8bbb6c6afde218ae6f30f6494ac6566becb07d521044 2 2 2862 1299
08250f2d61f3007dad09603f99addddc424156cb39015e2cf5c732a105a39e4a 320 0 0 0
86d9d532cefd66771cd873e707eab849eb7f5d0755e56a78b5adb1b08d831438 0 0 0 0
fb2395a7a1e10c910636c6c57c447118341fda604e59bea2fb9202320f9c76b4 3 3 2265 26
dae9ca7c03adfd6c71e3f73e96506cec08ebe363446919e70f47d5354e5059ac 5 5 1916 14
e1d0b80e2dacf2a9b4f913a1c04351ac277663a10b25a3d3b9069b4bb3118d01 11 11 11351 87
c431d51fc62359b03449fc26000e4f75d07e8555ed034b2e89a9fdf26f4a6fa4 0 0 0 0